# ASAP VERSION 4.0
# BUTTERFISH_UPDATE_2020
#
# ASAP4 GUI 21 MARCH 2014
#
# Number of Years
31
# First Year
1989
# Number of Ages
5
# Number of Fleets
1
# Number of Available Indices
3
# Natural Mortality
1.2        1.2        1.2        1.2        1.2        
1.2        1.2        1.2        1.2        1.2        
1.2        1.2        1.2        1.2        1.2        
1.2        1.2        1.2        1.2        1.2        
1.2        1.2        1.2        1.2        1.2        
1.2        1.2        1.2        1.2        1.2        
1.2        1.2        1.2        1.2        1.2        
1.2        1.2        1.2        1.2        1.2        
1.2        1.2        1.2        1.2        1.2        
1.2        1.2        1.2        1.2        1.2        
1.2        1.2        1.2        1.2        1.2        
1.2        1.2        1.2        1.2        1.2        
1.2        1.2        1.2        1.2        1.2        
1.2        1.2        1.2        1.2        1.2        
1.2        1.2        1.2        1.2        1.2        
1.2        1.2        1.2        1.2        1.2        
1.2        1.2        1.2        1.2        1.2        
1.2        1.2        1.2        1.2        1.2        
1.2        1.2        1.2        1.2        1.2        
1.2        1.2        1.2        1.2        1.2        
1.2        1.2        1.2        1.2        1.2        
1.2        1.2        1.2        1.2        1.2        
1.2        1.2        1.2        1.2        1.2        
1.2        1.2        1.2        1.2        1.2        
1.2        1.2        1.2        1.2        1.2        
1.2        1.2        1.2        1.2        1.2        
1.2        1.2        1.2        1.2        1.2        
1.2        1.2        1.2        1.2        1.2        
1.2        1.2        1.2        1.2        1.2        
1.2        1.2        1.2        1.2        1.2        
1.2        1.2        1.2        1.2        1.2        
# Estimate M ? 1=Yes
1
# Number of Year Specific Covariates
1
# Annual M-Estimate Design Matrix
1   
1   
1   
1   
1   
1   
1   
1   
1   
1   
1   
1   
1   
1   
1   
1   
1   
1   
1   
1   
1   
1   
1   
1   
1   
1   
1   
1   
1   
1   
1   
# Phase for Estimation of Year Specific Covariates
-4   
# Initial Guess for Estimation of Year Specific Covariates
0          
# Number of Age Specific Covariates
1
# Age M-Estimate Design Matrix
1   
1   
1   
1   
1   
# Phase for Estimation of Age Specific Covariates
3    
# Initial Guess for Estimation of Age Specific Covariates
0.1823216  
# Fecundity Option
0
# Fraction of Year Prior to Spawning
0.5
# Maturity
0          0.52       0.93       0.96       1          
0          0.52       0.93       0.96       1          
0          0.52       0.93       0.96       1          
0          0.52       0.93       0.96       1          
0          0.52       0.93       0.96       1          
0          0.52       0.93       0.96       1          
0          0.52       0.93       0.96       1          
0          0.52       0.93       0.96       1          
0          0.52       0.93       0.96       1          
0          0.52       0.93       0.96       1          
0          0.52       0.93       0.96       1          
0          0.52       0.93       0.96       1          
0          0.52       0.93       0.96       1          
0          0.52       0.93       0.96       1          
0          0.52       0.93       0.96       1          
0          0.52       0.93       0.96       1          
0          0.52       0.93       0.96       1          
0          0.52       0.93       0.96       1          
0          0.52       0.93       0.96       1          
0          0.52       0.93       0.96       1          
0          0.52       0.93       0.96       1          
0          0.52       0.93       0.96       1          
0          0.52       0.93       0.96       1          
0          0.52       0.93       0.96       1          
0          0.52       0.93       0.96       1          
0          0.52       0.93       0.96       1          
0          0.52       0.93       0.96       1          
0          0.52       0.93       0.96       1          
0          0.52       0.93       0.96       1          
0          0.52       0.93       0.96       1          
0          0.52       0.93       0.96       1          
# Number of Weight at Age Matrices
2
# Weight Matrix 1
0.0300    0.0600    0.0700    0.1000    0.2200    
0.0400    0.0600    0.0900    0.1000    0.1300    
0.0300    0.0500    0.0900    0.1100    0.1600    
0.0300    0.0600    0.0800    0.1200    0.1400    
0.0400    0.0600    0.0800    0.1100    0.1900    
0.0400    0.0500    0.0800    0.1000    0.1800    
0.0200    0.0600    0.0800    0.1500    0.1900    
0.0400    0.0500    0.0800    0.0900    0.1100    
0.0300    0.0700    0.0900    0.1100    0.1700    
0.0400    0.0500    0.0700    0.1300    0.1700    
0.0300    0.0400    0.0700    0.1500    0.1900    
0.0200    0.0600    0.1000    0.1100    0.2100    
0.0300    0.0500    0.0800    0.1400    0.1800    
0.0200    0.0500    0.0700    0.1300    0.1000    
0.0400    0.0500    0.0800    0.1000    0.1300    
0.0400    0.0500    0.0800    0.1100    0.1700    
0.0400    0.0400    0.0600    0.1000    0.1200    
0.0400    0.0500    0.0800    0.1000    0.1700    
0.0500    0.0600    0.0800    0.1200    0.1500    
0.0300    0.0500    0.0700    0.1100    0.1100    
0.0400    0.0400    0.0700    0.1100    0.1000    
0.0400    0.0600    0.0800    0.1000    0.1100    
0.0300    0.0400    0.0700    0.0900    0.1100    
0.0400    0.0500    0.0800    0.1000    0.1200    
0.0400    0.0500    0.0700    0.0800    0.1100    
0.0400    0.0700    0.0900    0.1100    0.1200    
0.0500    0.0600    0.0800    0.1100    0.1500    
0.0400    0.0500    0.0800    0.0900    0.1200    
0.0400    0.0600    0.0700    0.0900    0.1100    
0.0300    0.0500    0.0900    0.1000    0.1300    
0.0300    0.0600    0.0900    0.1000    0.1300    
# Weight Matrix 2
0.0000    0.0500    0.0600    0.0800    0.2200    
0.0000    0.0400    0.0700    0.0800    0.1300    
0.0000    0.0400    0.0700    0.1000    0.1600    
0.0000    0.0400    0.0600    0.1000    0.1400    
0.0000    0.0400    0.0700    0.0900    0.1900    
0.0000    0.0400    0.0700    0.0900    0.1800    
0.0000    0.0500    0.0600    0.1100    0.1900    
0.0000    0.0300    0.0700    0.0800    0.1100    
0.0000    0.0500    0.0700    0.0900    0.1700    
0.0000    0.0400    0.0700    0.1100    0.1700    
0.0000    0.0400    0.0600    0.1000    0.1900    
0.0000    0.0400    0.0600    0.0900    0.2100    
0.0000    0.0300    0.0700    0.1200    0.1800    
0.0000    0.0400    0.0600    0.1000    0.1000    
0.0000    0.0300    0.0600    0.0800    0.1300    
0.0000    0.0400    0.0600    0.0900    0.1700    
0.0000    0.0400    0.0500    0.0900    0.1200    
0.0000    0.0400    0.0600    0.0800    0.1700    
0.0000    0.0500    0.0600    0.1000    0.1500    
0.0000    0.0500    0.0600    0.0900    0.1100    
0.0000    0.0300    0.0600    0.0900    0.1000    
0.0000    0.0500    0.0600    0.0800    0.1100    
0.0000    0.0400    0.0600    0.0800    0.1100    
0.0000    0.0400    0.0600    0.0800    0.1200    
0.0000    0.0400    0.0600    0.0800    0.1100    
0.0000    0.0500    0.0700    0.0900    0.1200    
0.0000    0.0500    0.0700    0.1000    0.1500    
0.0000    0.0500    0.0700    0.0800    0.1200    
0.0000    0.0500    0.0600    0.0800    0.1100    
0.0000    0.0400    0.0700    0.0800    0.1300    
0.0000    0.0400    0.0700    0.0900    0.1300    
# Weight at Age Pointers
1
1
1
1
1
2
# Catch at Age Fleet-1
         0.060         0.330         0.420         0.190         0.010      3890.000
         0.080         0.410         0.390         0.100         0.010      2831.000
         0.120         0.400         0.320         0.160         0.010      3247.000
         0.100         0.330         0.470         0.090         0.010      4924.000
         0.100         0.420         0.310         0.170         0.000      7366.000
         0.120         0.310         0.340         0.180         0.050      6309.000
         0.090         0.260         0.460         0.200         0.000      2947.000
         0.080         0.180         0.500         0.230         0.020      4486.000
         0.050         0.540         0.330         0.070         0.010      3288.000
         0.080         0.380         0.460         0.080         0.000      4261.000
         0.160         0.410         0.290         0.140         0.000      8339.000
         0.180         0.370         0.310         0.070         0.070      3558.000
         0.110         0.170         0.630         0.100         0.000      6537.000
         0.160         0.380         0.300         0.160         0.010      3009.000
         0.240         0.240         0.190         0.250         0.070      2450.000
         0.100         0.410         0.280         0.130         0.070      1618.000
         0.090         0.240         0.320         0.240         0.120      1022.000
         0.220         0.390         0.220         0.110         0.060      1239.000
         0.040         0.340         0.420         0.190         0.020       846.000
         0.180         0.350         0.360         0.090         0.020      1248.000
         0.180         0.360         0.290         0.140         0.030      1114.000
         0.140         0.360         0.300         0.180         0.020      1159.000
         0.190         0.320         0.270         0.130         0.090      2151.000
         0.090         0.470         0.250         0.140         0.050      1634.000
         0.230         0.440         0.240         0.080         0.020      1525.000
         0.120         0.370         0.300         0.180         0.030      4182.000
         0.100         0.310         0.450         0.120         0.020      2930.000
         0.100         0.480         0.300         0.110         0.000      2714.000
         0.050         0.240         0.480         0.210         0.030      4621.000
         0.110         0.350         0.330         0.190         0.020      3053.000
         0.030         0.320         0.430         0.190         0.030      5082.000
# Discards at Age Fleet-1
         0.000         0.000         0.000         0.000         0.000         0.000
         0.000         0.000         0.000         0.000         0.000         0.000
         0.000         0.000         0.000         0.000         0.000         0.000
         0.000         0.000         0.000         0.000         0.000         0.000
         0.000         0.000         0.000         0.000         0.000         0.000
         0.000         0.000         0.000         0.000         0.000         0.000
         0.000         0.000         0.000         0.000         0.000         0.000
         0.000         0.000         0.000         0.000         0.000         0.000
         0.000         0.000         0.000         0.000         0.000         0.000
         0.000         0.000         0.000         0.000         0.000         0.000
         0.000         0.000         0.000         0.000         0.000         0.000
         0.000         0.000         0.000         0.000         0.000         0.000
         0.000         0.000         0.000         0.000         0.000         0.000
         0.000         0.000         0.000         0.000         0.000         0.000
         0.000         0.000         0.000         0.000         0.000         0.000
         0.000         0.000         0.000         0.000         0.000         0.000
         0.000         0.000         0.000         0.000         0.000         0.000
         0.000         0.000         0.000         0.000         0.000         0.000
         0.000         0.000         0.000         0.000         0.000         0.000
         0.000         0.000         0.000         0.000         0.000         0.000
         0.000         0.000         0.000         0.000         0.000         0.000
         0.000         0.000         0.000         0.000         0.000         0.000
         0.000         0.000         0.000         0.000         0.000         0.000
         0.000         0.000         0.000         0.000         0.000         0.000
         0.000         0.000         0.000         0.000         0.000         0.000
         0.000         0.000         0.000         0.000         0.000         0.000
         0.000         0.000         0.000         0.000         0.000         0.000
         0.000         0.000         0.000         0.000         0.000         0.000
         0.000         0.000         0.000         0.000         0.000         0.000
         0.000         0.000         0.000         0.000         0.000         0.000
         0.000         0.000         0.000         0.000         0.000         0.000
# Release Proportion at Age Fleet-1
      0.000000      0.000000      0.000000      0.000000      0.000000
      0.000000      0.000000      0.000000      0.000000      0.000000
      0.000000      0.000000      0.000000      0.000000      0.000000
      0.000000      0.000000      0.000000      0.000000      0.000000
      0.000000      0.000000      0.000000      0.000000      0.000000
      0.000000      0.000000      0.000000      0.000000      0.000000
      0.000000      0.000000      0.000000      0.000000      0.000000
      0.000000      0.000000      0.000000      0.000000      0.000000
      0.000000      0.000000      0.000000      0.000000      0.000000
      0.000000      0.000000      0.000000      0.000000      0.000000
      0.000000      0.000000      0.000000      0.000000      0.000000
      0.000000      0.000000      0.000000      0.000000      0.000000
      0.000000      0.000000      0.000000      0.000000      0.000000
      0.000000      0.000000      0.000000      0.000000      0.000000
      0.000000      0.000000      0.000000      0.000000      0.000000
      0.000000      0.000000      0.000000      0.000000      0.000000
      0.000000      0.000000      0.000000      0.000000      0.000000
      0.000000      0.000000      0.000000      0.000000      0.000000
      0.000000      0.000000      0.000000      0.000000      0.000000
      0.000000      0.000000      0.000000      0.000000      0.000000
      0.000000      0.000000      0.000000      0.000000      0.000000
      0.000000      0.000000      0.000000      0.000000      0.000000
      0.000000      0.000000      0.000000      0.000000      0.000000
      0.000000      0.000000      0.000000      0.000000      0.000000
      0.000000      0.000000      0.000000      0.000000      0.000000
      0.000000      0.000000      0.000000      0.000000      0.000000
      0.000000      0.000000      0.000000      0.000000      0.000000
      0.000000      0.000000      0.000000      0.000000      0.000000
      0.000000      0.000000      0.000000      0.000000      0.000000
      0.000000      0.000000      0.000000      0.000000      0.000000
      0.000000      0.000000      0.000000      0.000000      0.000000
# Release Mortality
             1
# Catch CV
      0.058000
      0.069000
      0.087000
      0.116000
      0.143000
      0.313000
      0.291000
      0.165000
      0.181000
      0.674000
      0.273000
      0.303000
      0.160000
      0.528000
      1.122000
      0.211000
      0.129000
      0.468000
      0.135000
      0.408000
      0.220000
      0.101000
      0.109000
      0.222000
      0.056000
      0.050000
      0.053000
      0.097000
      0.032000
      0.064000
      0.052000
# Discard CV
      0.000000
      0.000000
      0.000000
      0.000000
      0.000000
      0.000000
      0.000000
      0.000000
      0.000000
      0.000000
      0.000000
      0.000000
      0.000000
      0.000000
      0.000000
      0.000000
      0.000000
      0.000000
      0.000000
      0.000000
      0.000000
      0.000000
      0.000000
      0.000000
      0.000000
      0.000000
      0.000000
      0.000000
      0.000000
      0.000000
      0.000000
# Catch Sample Size
        27
        27
        27
        27
        27
        27
        27
        27
        27
        27
        27
        27
        27
        27
        27
        27
        27
        27
        27
        27
        27
        27
        27
        27
        27
        27
        27
        27
        27
        27
        27
# Discard Sample Size
         0
         0
         0
         0
         0
         0
         0
         0
         0
         0
         0
         0
         0
         0
         0
         0
         0
         0
         0
         0
         0
         0
         0
         0
         0
         0
         0
         0
         0
         0
         0
# Survey Index Specifications
# Survey Units
2  2  2  
# Survey Age Proportion Units
2  2  2  
# Survey Weight at Age Matrix
1  1  1  
# Survey Month Matrix
10  10  9  
10  10  9  
10  10  9  
10  10  9  
10  10  9  
10  10  9  
10  10  9  
10  10  9  
10  10  9  
10  10  9  
10  10  9  
10  10  9  
10  10  9  
10  10  9  
10  10  9  
10  10  9  
10  10  9  
10  10  9  
10  10  9  
10  10  9  
10  10  9  
10  10  9  
10  10  9  
10  10  9  
10  10  9  
10  10  9  
10  10  9  
10  10  9  
10  10  9  
10  10  9  
10  10  9  
# Estimate Survey Proportion at Age 1=Yes
1  1  1  
# Use Survey Index 1=Yes, 0=No
1  1  1  
# INDEX-1
1989   1448016.000000       0.850000     326.130000      39.430000      11.450000       0.620000       0.000000      19.000000
1990   1457923.000000       0.500000     343.710000      32.550000       3.150000       0.820000       0.000000      19.000000
1991    722865.000000       0.900000     167.910000      18.380000       2.210000       0.020000       0.000000      19.000000
1992    949883.000000       0.590000     234.310000       9.940000       3.430000       0.050000       0.000000      19.000000
1993    955347.000000       0.550000     196.080000      46.590000       6.070000       0.420000       0.000000      19.000000
1994   1958392.000000       0.900000     476.130000      23.870000       9.380000       1.330000       0.030000      19.000000
1995    449266.000000       0.570000      42.010000      48.170000      26.920000       0.070000       0.000000      19.000000
1996    304465.000000       0.480000      59.950000      15.010000       4.210000       0.240000       0.000000      19.000000
1997    847271.000000       0.290000     204.820000      13.820000       2.140000       0.190000       0.000000      19.000000
1998    824773.000000       0.730000     165.590000      41.990000       6.840000       0.690000       0.000000      19.000000
1999    952018.000000       0.840000     241.630000       4.930000       1.730000       0.000000       0.000000      19.000000
2000    781971.000000       0.610000     152.060000      45.860000       5.730000       0.290000       0.000000      19.000000
2001    244225.000000       0.690000      38.610000      15.200000       9.660000       0.220000       0.000000      19.000000
2002    355108.000000       0.480000      80.450000       9.270000       2.840000       0.050000       0.000000      19.000000
2003    720780.000000       0.340000     175.690000      10.360000       1.700000       0.110000       0.120000      19.000000
2004    289500.000000       0.650000      57.310000      12.750000       4.810000       0.220000       0.410000      19.000000
2005    150261.000000       0.670000      33.920000       3.170000       1.520000       0.580000       0.000000      19.000000
2006    687532.000000       0.540000     155.830000      17.500000       5.170000       0.740000       0.060000      19.000000
2007    158014.000000       0.520000      26.030000      13.650000       1.510000       0.020000       0.000000      19.000000
2008    505868.000000       0.510000     124.810000       6.170000       0.940000       0.020000       0.000000      19.000000
2009    713537.000000       0.550000     161.200000      20.670000       4.030000       0.190000       0.010000      19.000000
2010    486748.000000       0.530000      83.630000      35.350000       6.740000       1.230000       0.000000      19.000000
2011    984184.000000       0.630000     223.020000      27.950000       5.180000       0.460000       0.070000      19.000000
2012    257002.000000       0.690000      27.560000      28.850000       9.920000       0.620000       0.070000      19.000000
2013    245111.000000       0.490000      57.070000       5.280000       1.390000       0.170000       0.010000      19.000000
2014    371108.000000       0.440000      75.710000      17.540000       2.950000       0.590000       0.000000      19.000000
2015   1115447.000000       0.730000     247.070000      35.610000       7.880000       0.310000       0.020000      19.000000
2016    438404.000000       0.830000      76.180000      28.540000       7.870000       1.600000       0.150000      19.000000
2017      -999.000000    -999.000000    -999.000000    -999.000000    -999.000000    -999.000000    -999.000000       0.000000
2018   1604246.000000       0.700000     404.570000      10.250000       3.020000       0.530000       0.020000      19.000000
2019    201421.000000       0.410000      27.710000      21.140000       3.170000       0.490000       0.010000      19.000000
# INDEX-2
1989    187112.000000       0.900000     397.460000     144.450000      49.620000       3.650000       0.000000      14.000000
1990     20205.000000       0.640000      38.570000      11.550000       7.270000       6.870000       0.020000      14.000000
1991     54603.000000       0.490000     116.360000      28.600000      21.610000       7.120000       0.000000      14.000000
1992     34124.000000       0.240000      90.440000       7.400000      10.280000       0.400000       0.020000      14.000000
1993     92063.000000       0.510000     251.300000      28.500000      11.630000       1.410000       0.010000      14.000000
1994     95491.000000       0.230000     292.420000       7.040000       3.430000       0.850000       0.010000      14.000000
1995     12444.000000       0.710000      24.180000       7.990000       7.200000       0.220000       0.000000      14.000000
1996     49607.000000       0.640000     130.900000      23.740000       2.770000       0.390000       0.000000      14.000000
1997    199268.000000       0.200000     590.440000      41.980000       1.440000       0.000000       0.000000      14.000000
1998     35548.000000       0.730000      67.720000      38.070000       6.800000       0.480000       0.000000      14.000000
1999     58358.000000       0.600000     145.770000      30.640000       8.880000       0.340000       0.000000      14.000000
2000     99273.000000       0.550000     308.100000       6.440000       0.000000       0.680000       0.560000      14.000000
2001    115849.000000       0.490000     345.760000      19.840000       2.680000       0.230000       0.000000      14.000000
2002     70900.000000       0.680000     185.270000      30.250000       9.120000       0.880000       0.000000      14.000000
2003     83986.000000       0.380000     220.990000      39.480000       3.010000       2.900000       0.770000      14.000000
2004     99699.000000       0.590000     184.480000      65.980000      58.960000       4.550000       3.160000      14.000000
2005     71842.000000       0.140000     210.890000      10.620000       3.600000       3.250000       0.160000      14.000000
2006     63517.000000       0.460000     176.140000      19.400000       4.810000       1.450000       0.230000      14.000000
2007     69462.000000       0.280000     194.590000      20.580000       5.700000       0.080000       0.000000      14.000000
2008     41393.000000       0.290000     119.820000       9.770000       1.820000       0.250000       0.000000      14.000000
2009         0.000000       0.000000       0.000000       0.000000       0.000000       0.000000       0.000000       0.000000
2010         0.000000       0.000000       0.000000       0.000000       0.000000       0.000000       0.000000       0.000000
2011         0.000000       0.000000       0.000000       0.000000       0.000000       0.000000       0.000000       0.000000
2012         0.000000       0.000000       0.000000       0.000000       0.000000       0.000000       0.000000       0.000000
2013         0.000000       0.000000       0.000000       0.000000       0.000000       0.000000       0.000000       0.000000
2014         0.000000       0.000000       0.000000       0.000000       0.000000       0.000000       0.000000       0.000000
2015         0.000000       0.000000       0.000000       0.000000       0.000000       0.000000       0.000000       0.000000
2016         0.000000       0.000000       0.000000       0.000000       0.000000       0.000000       0.000000       0.000000
2017         0.000000       0.000000       0.000000       0.000000       0.000000       0.000000       0.000000       0.000000
2018         0.000000       0.000000       0.000000       0.000000       0.000000       0.000000       0.000000       0.000000
2019         0.000000       0.000000       0.000000       0.000000       0.000000       0.000000       0.000000       0.000000
# INDEX-3
1989        -1.000000       0.000000      -1.000000      -1.000000      -1.000000      -1.000000      -1.000000       0.000000
1990        -1.000000       0.000000      -1.000000      -1.000000      -1.000000      -1.000000      -1.000000       0.000000
1991        -1.000000       0.000000      -1.000000      -1.000000      -1.000000      -1.000000      -1.000000       0.000000
1992        -1.000000       0.000000      -1.000000      -1.000000      -1.000000      -1.000000      -1.000000       0.000000
1993        -1.000000       0.000000      -1.000000      -1.000000      -1.000000      -1.000000      -1.000000       0.000000
1994        -1.000000       0.000000      -1.000000      -1.000000      -1.000000      -1.000000      -1.000000       0.000000
1995        -1.000000       0.000000      -1.000000      -1.000000      -1.000000      -1.000000      -1.000000       0.000000
1996        -1.000000       0.000000      -1.000000      -1.000000      -1.000000      -1.000000      -1.000000       0.000000
1997        -1.000000       0.000000      -1.000000      -1.000000      -1.000000      -1.000000      -1.000000       0.000000
1998        -1.000000       0.000000      -1.000000      -1.000000      -1.000000      -1.000000      -1.000000       0.000000
1999        -1.000000       0.000000      -1.000000      -1.000000      -1.000000      -1.000000      -1.000000       0.000000
2000        -1.000000       0.000000      -1.000000      -1.000000      -1.000000      -1.000000      -1.000000       0.000000
2001        -1.000000       0.000000      -1.000000      -1.000000      -1.000000      -1.000000      -1.000000       0.000000
2002        -1.000000       0.000000      -1.000000      -1.000000      -1.000000      -1.000000      -1.000000       0.000000
2003        -1.000000       0.000000      -1.000000      -1.000000      -1.000000      -1.000000      -1.000000       0.000000
2004        -1.000000       0.000000      -1.000000      -1.000000      -1.000000      -1.000000      -1.000000       0.000000
2005        -1.000000       0.000000      -1.000000      -1.000000      -1.000000      -1.000000      -1.000000       0.000000
2006        -1.000000       0.000000      -1.000000      -1.000000      -1.000000      -1.000000      -1.000000       0.000000
2007    481478.000000       0.720000     877.900000     155.090000      16.160000       3.110000       0.270000      41.000000
2008    488191.000000       0.340000     772.460000     215.430000      35.950000       4.340000       0.710000      41.000000
2009   1707043.000000       0.280000    2436.990000    1079.230000      62.540000      16.750000       2.200000      41.000000
2010    508419.000000       0.240000     376.310000     502.340000     158.310000      31.820000       2.750000      41.000000
2011    781764.000000       0.320000    1290.290000     307.090000      37.220000      10.990000       2.020000      41.000000
2012    296689.000000       0.420000     398.920000     172.780000      50.530000       3.050000       0.000000      41.000000
2013   1683000.000000       0.860000    3166.860000     353.760000      22.470000       3.950000       0.000000      41.000000
2014   1788707.000000       0.540000    3698.850000      65.930000       4.540000       0.500000       0.000000      41.000000
2015    527045.000000       0.440000     177.380000     895.620000      35.620000       2.170000       0.000000      41.000000
2016    198265.000000       0.380000     259.050000     158.230000       0.580000       0.000000       0.000000      41.000000
2017    473217.000000       0.660000     643.300000     344.410000       9.620000       0.000000       0.000000      41.000000
2018    406605.000000       0.460000     729.120000     127.670000       0.150000       0.000000       0.000000      41.000000
2019    189732.000000       0.740000     327.500000      22.920000       1.590000       0.000000       0.000000      41.000000
# Use Length Based Calibration 1=Yes
1
# Number of Calibrations
1
# Number of Length Classes
34
# Lambdas for Relative Efficiency
1  
# Phases for Relative Efficiency
1  
# Number of Coefficients for Each Calibration
10  
# Estimated Coefficients for Each Calibration
-1.23084  -0.101656478978994  -1.04737430130368  -0.837904402048312  -0.763967200250411  -0.753404081827708  -0.807203574136675  -0.46847374455838  0.2222657703397  0.736679292237164  
# Variance Covariance Matrix for Each Calibration
0.0182104078535067  0.00270826647519646  -0.00627043784539738  -0.00991924408535167  -0.0116631214339578  -0.0117249580162258  -0.00982924525916856  -0.00310387080601915  0.00803343191926255  0.0197660199768823  
0.00270826647519646  0.0591345711949247  0.0093477729928529  -0.0204622999263174  -0.0342110827638934  -0.0407498256320232  -0.0405589278285616  -0.03131338439634  -0.0261627486914495  -0.027527278220542  
-0.00627043784539738  0.00934777299285289  0.0900034720948845  0.0906555466349225  0.0998360789553332  0.103442218307609  0.0966811264405759  0.0567865904496595  0.00525635926682671  -0.0184304103507907  
-0.00991924408535167  -0.0204622999263174  0.0906555466349225  0.128644793780707  0.145252040133905  0.15276576833604  0.141424148505135  0.0853408510487236  0.0179640377933654  -0.0145395422545456  
-0.0116631214339578  -0.0342110827638934  0.0998360789553332  0.145252040133905  0.18325123159424  0.192672967284119  0.179463981400506  0.109598253738881  0.0273070934483828  -0.011596342524609  
-0.0117249580162258  -0.0407498256320232  0.103442218307609  0.15276576833604  0.192672967284119  0.216679082690866  0.201780859885565  0.126152900936811  0.0358138709720749  -0.00679326537099967  
-0.00982924525916856  -0.0405589278285616  0.0966811264405759  0.141424148505135  0.179463981400506  0.201780859885565  0.20322780457348  0.13158165790112  0.0468863657195  0.00792937869700906  
-0.00310387080601915  -0.03131338439634  0.0567865904496595  0.0853408510487236  0.109598253738881  0.126152900936811  0.13158165790112  0.113806473401335  0.0725052444894822  0.0572519498377576  
0.00803343191926255  -0.0261627486914495  0.00525635926682671  0.0179640377933654  0.0273070934483828  0.0358138709720749  0.0468863657195  0.0725052444894822  0.179581732744607  0.310942112588587  
0.0197660199768823  -0.0275272782205419  -0.0184304103507907  -0.0145395422545455  -0.011596342524609  -0.00679326537099961  0.00792937869700913  0.0572519498377577  0.310942112588587  0.94945622410042  
# Covariate Matrix for Each Calibration by Length
1  -0.175525062634948  -0.299596125577859  -0.381133061890659  -0.440970088464806  -0.484285732027152  -0.458714345804705  -0.284857347670482  -0.110980367928174  -0.0191616619190368  
1  -0.175525062634948  -0.299596125577859  -0.381133061890659  -0.440970088464806  -0.484285732027152  -0.458714345804705  -0.284857347670482  -0.110980367928174  -0.0191616619190368  
1  0.606994262124602  -0.311813483940718  -0.152924501208932  -0.237362499131604  -0.245154114738289  -0.235908874604257  -0.145773300175104  -0.0569323481003271  -0.0098113834622992  
1  0.973199113726684  -0.0984544348900422  -0.0608295239843751  -0.0863501950773578  -0.0907294250276139  -0.0869164181608397  -0.0537829666994921  -0.0209905952023944  -0.00361932098272025  
1  0.637424899791549  0.461027099097717  -0.17239462552618  -0.0348625659481426  -0.0805715933692149  -0.0662406229527054  -0.0431066305176969  -0.0164154575395194  -0.00288451322256864  
1  0.0450849740881863  0.899458650360922  -0.171485231721727  -0.0981243314912013  -0.133525419957399  -0.120335643038786  -0.0759286782504824  -0.0293509614247248  -0.00509829818591006  
1  -0.187275995616691  0.65585656672161  0.294688914844717  -0.252709469696956  -0.139886092678569  -0.165301612596101  -0.0962320125009755  -0.0387253123465025  -0.00652265991590591  
1  -0.10220540134352  0.0466336145057444  0.810862308009555  -0.255761468074391  -0.15166522229989  -0.174450502537712  -0.10230637307161  -0.0410163715213381  -0.00692824498004208  
1  -0.0342181159121847  -0.247937112767094  0.672062159775275  0.185669468112331  -0.272743088702549  -0.152995284800883  -0.115623121861932  -0.0410857547626361  -0.00761914219515159  
1  -0.0587037647933857  -0.180235800369346  0.061779423619476  0.731129675078562  -0.313678446255581  -0.159795312290254  -0.126102609081765  -0.0439663537438926  -0.00827595177026771  
1  -0.0860794895163955  -0.0990650069467508  -0.294498676547317  0.674512754369739  0.071795697663565  -0.27480915807843  -0.106949013387697  -0.053907970465473  -0.00768415025575347  
1  -0.0859685454672853  -0.119431543050882  -0.248049555223289  0.082198128503457  0.645707891411346  -0.337962021835331  -0.0982066844808324  -0.0597172269388343  -0.00746492933796088  
1  -0.0811218348309218  -0.149980560636362  -0.150257112634063  -0.321887463152234  0.684455831466669  0.00242448452304802  -0.191025535021759  -0.0385427594311099  -0.0114136449324506  
1  -0.080526732007723  -0.146283119040864  -0.154993155355582  -0.29289711298475  0.128621139668073  0.603984063911491  -0.266043286191587  -0.0186828443308779  -0.0144951362413069  
1  -0.0753137439463551  -0.125967073927177  -0.169341091951274  -0.162729762680243  -0.301132125486423  0.754527113678779  0.0346460690788068  -0.0853831858257298  -0.00183071763546232  
1  -0.0616107360068467  -0.102409566797338  -0.139965174646263  -0.126576838825787  -0.269411734544322  0.26627266758704  0.65989086829085  -0.165441217685213  0.014458560340142  
1  -0.0448326654200108  -0.0770378477645441  -0.0961916348603235  -0.117912111917022  -0.105087881943284  -0.187777923186656  0.906031585412332  0.0632450752004804  -0.0199845295575611  
1  -0.0296953682054596  -0.051530875093294  -0.0625803645565075  -0.0832685939921312  -0.0513890163514219  -0.193503858739661  0.457308526010082  0.644752269558863  -0.0815196036234359  
1  -0.0177709596187223  -0.0302504791465058  -0.0387719879149431  -0.0438050625960445  -0.0519947826334658  -0.0351969438993089  -0.070645179242159  0.995147757424288  0.0246756144586829  
1  -0.00950827854149592  -0.0159189909776448  -0.0213436470284204  -0.0207062935994851  -0.0374471686650904  0.0177013555660033  -0.17361163787674  0.690974226750781  0.426839062182285  
1  -0.00326345380951897  -0.0055702479330124  -0.00708622531784846  -0.00819874662615767  -0.00900409373655465  -0.00852865714345749  -0.00529621686196519  -0.00206340507195982  0.999643736355096  
1  -0.00326345380951897  -0.0055702479330124  -0.00708622531784846  -0.00819874662615767  -0.00900409373655465  -0.00852865714345749  -0.00529621686196519  -0.00206340507195982  0.999643736355096  
1  -0.00326345380951897  -0.0055702479330124  -0.00708622531784846  -0.00819874662615767  -0.00900409373655465  -0.00852865714345749  -0.00529621686196519  -0.00206340507195982  0.999643736355096  
1  -0.00326345380951897  -0.0055702479330124  -0.00708622531784846  -0.00819874662615767  -0.00900409373655465  -0.00852865714345749  -0.00529621686196519  -0.00206340507195982  0.999643736355096  
1  -0.00326345380951897  -0.0055702479330124  -0.00708622531784846  -0.00819874662615767  -0.00900409373655465  -0.00852865714345749  -0.00529621686196519  -0.00206340507195982  0.999643736355096  
1  -0.00326345380951897  -0.0055702479330124  -0.00708622531784846  -0.00819874662615767  -0.00900409373655465  -0.00852865714345749  -0.00529621686196519  -0.00206340507195982  0.999643736355096  
1  -0.00326345380951897  -0.0055702479330124  -0.00708622531784846  -0.00819874662615767  -0.00900409373655465  -0.00852865714345749  -0.00529621686196519  -0.00206340507195982  0.999643736355096  
1  -0.00326345380951897  -0.0055702479330124  -0.00708622531784846  -0.00819874662615767  -0.00900409373655465  -0.00852865714345749  -0.00529621686196519  -0.00206340507195982  0.999643736355096  
1  -0.00326345380951897  -0.0055702479330124  -0.00708622531784846  -0.00819874662615767  -0.00900409373655465  -0.00852865714345749  -0.00529621686196519  -0.00206340507195982  0.999643736355096  
1  -0.00326345380951897  -0.0055702479330124  -0.00708622531784846  -0.00819874662615767  -0.00900409373655465  -0.00852865714345749  -0.00529621686196519  -0.00206340507195982  0.999643736355096  
1  -0.00326345380951897  -0.0055702479330124  -0.00708622531784846  -0.00819874662615767  -0.00900409373655465  -0.00852865714345749  -0.00529621686196519  -0.00206340507195982  0.999643736355096  
1  -0.00326345380951897  -0.0055702479330124  -0.00708622531784846  -0.00819874662615767  -0.00900409373655465  -0.00852865714345749  -0.00529621686196519  -0.00206340507195982  0.999643736355096  
1  -0.00326345380951897  -0.0055702479330124  -0.00708622531784846  -0.00819874662615767  -0.00900409373655465  -0.00852865714345749  -0.00529621686196519  -0.00206340507195982  0.999643736355096  
1  -0.00326345380951897  -0.0055702479330124  -0.00708622531784846  -0.00819874662615767  -0.00900409373655465  -0.00852865714345749  -0.00529621686196519  -0.00206340507195982  0.999643736355096  
# Index Flags for Applying Calibration
0  0  0  0  0  0  0  0  0  0  0  0  0  0  0  0  0  0  0  0  1  1  1  1  1  1  1  1  0  1  1  
0  0  0  0  0  0  0  0  0  0  0  0  0  0  0  0  0  0  0  0  0  0  0  0  0  0  0  0  0  0  0  
0  0  0  0  0  0  0  0  0  0  0  0  0  0  0  0  0  0  0  0  0  0  0  0  0  0  0  0  0  0  0  
# Estimated Numbers at Length for Each Observation
0  15.9047619047619  1057.23554421769  11325.0284580499  26006.7236394558  69249.3442176871  84357.0537414966  67538.2931972789  46665.4111111111  121318.692743764  523255.665306122  605361.766666667  339352.433106576  156153.144784581  94827.8422902494  17180.4164399093  1789.94098639456  375.032766439909  55.0833333333333  0  0  0  0  0  0  0  0  0  0  0  0  0  0  0  
0  0  1694.35884353741  30871.3312358277  51325.8264172336  45300.8855180534  46675.9110282575  69609.025898308  63591.419854352  35386.9483124019  168900.875135182  152850.631885575  286939.816518402  285157.420800628  196513.768489447  64648.9030350602  7978.657997558  1010.97777777778  401.380952380952  32.3809523809524  0  0  0  0  0  0  0  0  0  0  0  0  0  0  
0  0  0  1467.08673469388  23880.2129251701  42948.875170068  15730.6979591837  56759.0098639456  108059.259863946  150896.599773243  738878.160090703  900418.763378685  689682.527210884  156027.920068027  45290.6631519274  29633.1975056689  8952.75997732426  3261.22641723356  385.611111111111  11.5238095238095  0  0  0  0  0  0  0  0  0  0  0  0  0  0  
0  18.5714285714286  56.3095238095238  484.369047619048  2714.43605442177  2435.89761904762  2137.78937728938  4034.3293040293  16293.830594802  59336.4088871446  102311.115306122  25614.0195011338  164975.70564277  135660.425231118  191080.778553986  75312.5995377638  6787.21161695447  717.82103610675  473.71768707483  18.3571428571429  0  0  0  0  0  0  0  0  0  0  0  0  0  0  
0  0  187.9976271  1714.33986  8622.724095  19941.46781  86897.2443  138824.9273  66760.39515  21530.21195  19805.95179  83554.0374  176771.9268  75819.1521  35284.27458  16277.67648  5605.268517  885.923448  295.8700683  71.91428595  0  0  0  0  0  0  0  0  0  0  0  0  0  0  
0  141.0476378  6948.84456  41597.71719  76729.4634  93644.21055  86442.7635  54419.57885  126786.953  91751.2563  39424.98854  63564.6123  161171.5421  170086.3106  101439.9551  24459.37383  6190.380645  2853.421629  1036.01745  237.5238257  25.33333526  0  0  0  0  0  0  0  0  0  0  0  0  0  
0  0  38.95237881  705.547086  1675.085676  5503.336719  9035.805915  172707.9801  825550.7535  311387.2625  547203.3495  866848.506  427262.1363  129581.9976  108799.2557  30518.77836  10138.30223  1791.99485  1060.735979  1084.488245  99.90473265  0  0  0  0  0  0  0  0  0  0  0  0  0  
0  58.14285513  939.5476425  6269.166315  16266.75618  70166.54715  195478.7688  215944.638  82972.194  88666.0875  90049.4073  46963.61519  37045.13615  132011.2122  206437.0445  120625.3884  36574.13379  6351.583905  3357.238259  1092.785832  24.19047678  5.238095516  0  0  0  0  0  0  0  0  0  0  0  0  
0  0  0  137.5714241  16191.92145  131061.8823  409606.5266  797764.1115  1062080.157  1134557.82  1018290.368  221308.7753  73149.62955  32913.12162  33261.11109  21947.31833  10670.55642  2197.619577  721.301766  102.2857262  5.999999939  0  0  0  0  0  0  0  0  0  0  0  0  0  
0  256.76429  1401.609462  14931.76178  42623.60576  68475.74115  68696.4171  25484.24399  15516.58065  23431.05581  19638.82212  18607.57157  105822.0629  132241.7655  58794.30624  16958.37927  7083.471  2238.450456  1189.866072  46.80101928  161.3571258  0  0  0  0  0  0  0  0  0  0  0  0  0  
# Proportion at Age for Each Length Observation
0  1  1  1  1  1  1  1  1  1  0.98876404494382  0.969387755102041  0.825242718446602  0.365384615384615  0.113636363636364  0.0175438596491228  0  0  0  0  0  0  0  0  0  0  0  0  0  0  0  0  0  0  0  0  0  0  0  0  0  0  0  0  0.0112359550561798  0.0306122448979592  0.145631067961165  0.567307692307692  0.659090909090909  0.666666666666667  0.5  0.181818181818182  0  0  0  0  0  0  0  0  0  0  0  0  0  0  0  0  0  0  0  0  0  0  0  0  0  0  0  0  0.029126213592233  0.0673076923076923  0.227272727272727  0.210526315789474  0.357142857142857  0.545454545454545  0.75  0  0  0  0  0  0  0  0  0  0  0  0  0  0  0  0  0  0  0  0  0  0  0  0  0  0  0  0  0  0  0.105263157894737  0.107142857142857  0.272727272727273  0.25  0  0  0  0  0  0  0  0  0  0  0  0  0  0  0  0  0  0  0  0  0  0  0  0  0  0  0  0  0  0  0  0.0357142857142857  0  0  0  0  0  0  0  0  0  0  0  0  0  0  0  0  0  
0  0  1  1  1  1  1  1  1  0.987179487179487  0.878048780487805  0.847058823529412  0.759615384615385  0.419047619047619  0.163265306122449  0.028169014084507  0  0  0  0  0  0  0  0  0  0  0  0  0  0  0  0  0  0  0  0  0  0  0  0  0  0  0  0.0128205128205128  0.121951219512195  0.152941176470588  0.230769230769231  0.514285714285714  0.642857142857143  0.52112676056338  0.488888888888889  0.142857142857143  0.5  0.111111111111111  0  0  0  0  0  0  0  0  0  0  0  0  0  0  0  0  0  0  0  0  0  0  0  0  0  0  0  0.0666666666666667  0.163265306122449  0.366197183098592  0.4  0.857142857142857  0.5  0.569444444444444  0  0  0  0  0  0  0  0  0  0  0  0  0  0  0  0  0  0  0  0  0  0  0  0  0  0  0.00961538461538462  0  0.0306122448979592  0.0845070422535211  0.111111111111111  0  0  0.277777777777778  0  0  0  0  0  0  0  0  0  0  0  0  0  0  0  0  0  0  0  0  0  0  0  0  0  0  0  0  0  0  0  0  0  0.0416666666666667  0  0  0  0  0  0  0  0  0  0  0  0  0  0  
0  0  0  1  1  1  1  0.966666666666667  0.986842105263158  0.91566265060241  0.921052631578947  0.899280575539568  0.878378378378378  0.583333333333333  0.247524752475248  0.0380952380952381  0.00970873786407767  0  0  0  0  0  0  0  0  0  0  0  0  0  0  0  0  0  0  0  0  0  0  0  0  0.0333333333333333  0.0131578947368421  0.0843373493975904  0.0789473684210526  0.100719424460432  0.101351351351351  0.316666666666667  0.495049504950495  0.519047619047619  0.330097087378641  0.170212765957447  0.125  0  0  0  0  0  0  0  0  0  0  0  0  0  0  0  0  0  0  0  0  0  0  0  0  0  0  0  0.0202702702702703  0.1  0.247524752475248  0.366666666666667  0.427184466019417  0.574468085106383  0.5  0  0  0  0  0  0  0  0  0  0  0  0  0  0  0  0  0  0  0  0  0  0  0  0  0  0  0  0  0  0.0099009900990099  0.0666666666666667  0.184466019417476  0.25531914893617  0.375  1  0  0  0  0  0  0  0  0  0  0  0  0  0  0  0  0  0  0  0  0  0  0  0  0  0  0  0  0  0  0.00952380952380952  0.0485436893203883  0  0  0  0  0  0  0  0  0  0  0  0  0  0  0  0  0  
0  1  1  1  1  1  1  1  1  1  1  0.854166666666667  0.392405063291139  0.225490196078431  0.0714285714285714  0.0379746835443038  0.0172413793103448  0  0  0  0  0  0  0  0  0  0  0  0  0  0  0  0  0  0  0  0  0  0  0  0  0  0  0  0  0.125  0.481012658227848  0.558823529411765  0.678571428571429  0.670886075949367  0.413793103448276  0.375  0  0  0  0  0  0  0  0  0  0  0  0  0  0  0  0  0  0  0  0  0  0  0  0  0  0  0  0.0208333333333333  0.126582278481013  0.215686274509804  0.238095238095238  0.240506329113924  0.310344827586207  0.3125  0.625  1  0  0  0  0  0  0  0  0  0  0  0  0  0  0  0  0  0  0  0  0  0  0  0  0  0  0  0  0  0.0119047619047619  0.0506329113924051  0.155172413793103  0.25  0.25  0  0  0  0  0  0  0  0  0  0  0  0  0  0  0  0  0  0  0  0  0  0  0  0  0  0  0  0  0  0  0  0.103448275862069  0.0625  0.125  0  0  0  0  0  0  0  0  0  0  0  0  0  0  0  
0  0  1  1  1  1  1  1  0.909091  1  0.981481  0.985075  0.967391  0.728395  0.271605  0.081818  0.032787  0.055556  0  0  0  0  0  0  0  0  0  0  0  0  0  0  0  0  0  0  0  0  0  0  0  0  0.090909  0  0.018519  0.014925  0.032609  0.222222  0.567901  0.572727  0.508197  0.166667  0.166667  0  0  0  0  0  0  0  0  0  0  0  0  0  0  0  0  0  0  0  0  0  0  0  0  0  0  0  0  0.049383  0.148148  0.263636  0.442623  0.611111  0.5  0.666667  0  0  0  0  0  0  0  0  0  0  0  0  0  0  0  0  0  0  0  0  0  0  0  0  0  0  0  0  0.012346  0.081818  0.016393  0.111111  0.166667  0.166667  0  0  0  0  0  0  0  0  0  0  0  0  0  0  0  0  0  0  0  0  0  0  0  0  0  0  0  0  0  0  0  0.055556  0.166667  0.166667  0  0  0  0  0  0  0  0  0  0  0  0  0  0  
0  1  1  1  1  1  1  1  1  0.958333  1  0.924528  0.8125  0.441558  0.166667  0.114286  0.032258  0  0  0  0  0  0  0  0  0  0  0  0  0  0  0  0  0  0  0  0  0  0  0  0  0  0  0.041667  0  0.056604  0.171875  0.467532  0.714286  0.647619  0.548387  0.517241  0.272727  0.3  0  0  0  0  0  0  0  0  0  0  0  0  0  0  0  0  0  0  0  0  0  0  0  0  0  0.018868  0.015625  0.077922  0.095238  0.2  0.322581  0.275862  0.545455  0.5  0  0  0  0  0  0  0  0  0  0  0  0  0  0  0  0  0  0  0  0  0  0  0  0  0  0  0  0.012987  0.02381  0.038095  0.096774  0.206897  0.181818  0.1  1  0  0  0  0  0  0  0  0  0  0  0  0  0  0  0  0  0  0  0  0  0  0  0  0  0  0  0  0  0  0  0  0  0.1  0  0  0  0  0  0  0  0  0  0  0  0  0  0  
0  0  0  1  1  1  1  0.777778  0.925926  0.955556  0.935484  0.911111  0.787879  0.450549  0.168317  0.076087  0.032787  0  0  0  0  0  0  0  0  0  0  0  0  0  0  0  0  0  0  0  0  0  0  0  0  0.222222  0.074074  0.044444  0.064516  0.088889  0.151515  0.406593  0.564356  0.434783  0.344262  0.342105  0.3125  0.222222  0  0  0  0  0  0  0  0  0  0  0  0  0  0  0  0  0  0  0  0  0  0  0  0  0  0  0.060606  0.142857  0.257426  0.456522  0.47541  0.552632  0.5  0.777778  0.5  0  0  0  0  0  0  0  0  0  0  0  0  0  0  0  0  0  0  0  0  0  0  0  0  0  0  0  0.009901  0.032609  0.131148  0.078947  0.125  0  0.5  0  0  0  0  0  0  0  0  0  0  0  0  0  0  0  0  0  0  0  0  0  0  0  0  0  0  0  0  0  0.016393  0.026316  0.0625  0  0  0  0  0  0  0  0  0  0  0  0  0  0  0  
0  0  1  1  1  1  1  1  1  1  0.966667  0.956522  0.621622  0.3125  0.120879  0.046512  0.021277  0  0  0  0  0  0  0  0  0  0  0  0  0  0  0  0  0  0  0  0  0  0  0  0  0  0  0  0.033333  0.043478  0.351351  0.604167  0.67033  0.686047  0.446809  0.458333  0.176471  0  0  0  0  0  0  0  0  0  0  0  0  0  0  0  0  0  0  0  0  0  0  0  0  0  0  0  0.027027  0.0625  0.186813  0.209302  0.404255  0.416667  0.588235  0.875  1  0  0  0  0  0  0  0  0  0  0  0  0  0  0  0  0  0  0  0  0  0  0  0  0  0  0  0.020833  0.021978  0.046512  0.12766  0.125  0.176471  0  0  1  0  0  0  0  0  0  0  0  0  0  0  0  0  0  0  0  0  0  0  0  0  0  0  0  0  0  0  0.011628  0  0  0.058824  0.125  0  0  0  0  0  0  0  0  0  0  0  0  0  0  
0  0  0  1  1  1  1  1  1  1  0.981481  0.823529  0.736842  0.378378  0.071429  0  0  0  0  0  0  0  0  0  0  0  0  0  0  0  0  0  0  0  0  0  0  0  0  0  0  0  0  0  0.018519  0.147059  0.184211  0.486486  0.614286  0.662338  0.506173  0.153846  0.130435  0.166667  0  0  0  0  0  0  0  0  0  0  0  0  0  0  0  0  0  0  0  0  0  0  0  0  0  0.029412  0.026316  0.135135  0.314286  0.285714  0.419753  0.666667  0.478261  0.166667  1  0  0  0  0  0  0  0  0  0  0  0  0  0  0  0  0  0  0  0  0  0  0  0  0  0  0.052632  0  0  0.051948  0.061728  0.179487  0.304348  0.666667  0  0  0  0  0  0  0  0  0  0  0  0  0  0  0  0  0  0  0  0  0  0  0  0  0  0  0  0  0  0  0.012346  0  0.086957  0  0  0  0  0  0  0  0  0  0  0  0  0  0  0  
0  1  1  1  1  1  1  1  1  1  1  0.583333  0.188235  0.103448  0.073529  0  0  0  0  0  0  0  0  0  0  0  0  0  0  0  0  0  0  0  0  0  0  0  0  0  0  0  0  0  0  0.416667  0.776471  0.793103  0.764706  0.5625  0.178571  0.157895  0  0.333333  0  0  0  0  0  0  0  0  0  0  0  0  0  0  0  0  0  0  0  0  0  0  0  0  0  0  0.035294  0.091954  0.117647  0.40625  0.785714  0.710526  0.555556  0  0.5  0  0  0  0  0  0  0  0  0  0  0  0  0  0  0  0  0  0  0  0  0  0  0  0  0  0  0.011494  0.044118  0.03125  0.035714  0.131579  0.388889  0.666667  0.5  0  0  0  0  0  0  0  0  0  0  0  0  0  0  0  0  0  0  0  0  0  0  0  0  0  0  0  0  0  0  0  0.055556  0  0  0  0  0  0  0  0  0  0  0  0  0  0  0  
# Availability Section
# Number of Covariates for Each Index
2  1  1  
# Matrix of Covariates for Each Index Observation by Year
1                  0.484538495        1                  1                  
1                  0.484538495        1                  1                  
1                  0.484538495        1                  1                  
1                  0.484538495        1                  1                  
1                  0.484538495        1                  1                  
1                  0.484538495        1                  1                  
1                  0.484538495        1                  1                  
1                  0.484538495        1                  1                  
1                  0.484538495        1                  1                  
1                  0.484538495        1                  1                  
1                  0.484538495        1                  1                  
1                  0.484538495        1                  1                  
1                  0.484538495        1                  1                  
1                  0.484538495        1                  1                  
1                  0.484538495        1                  1                  
1                  0.484538495        1                  1                  
1                  0.484538495        1                  1                  
1                  0.484538495        1                  1                  
1                  0.484538495        1                  1                  
1                  0.484538495        1                  1                  
1                  0.484538495        1                  1                  
1                  0.484538495        1                  1                  
1                  0.484538495        1                  1                  
1                  0.484538495        1                  1                  
1                  0.484538495        1                  1                  
1                  0.484538495        1                  1                  
1                  0.484538495        1                  1                  
1                  0.484538495        1                  1                  
1                  0.484538495        1                  1                  
1                  0.484538495        1                  1                  
1                  0.484538495        1                  1                  
# Initial Value of Betas for Estimating Availability
0.0  1.0  -1.386294  -1.386294  
# Phase for Estimating Availability
-1  -1  3  3  
# Initial Mean Catchability
0.15  0.2  0.2  
# CV for Catchability Penalties
1  1  1  
# Availability Penalty Type
0  0  0  
# Lower Bounds Availabilty
0.0  0.0  0.0  
# Upper Bounds Availabilty
1.0  1.0  1.0  
# Lambda for Availabilty Priors
0  0  0  
# Lambda for Availabilty AR1 Penaties
0.0000  0.0000  0.0000  
# SD for Availabilty AR1 Penaties
1.0  1.0  1.0  
# Phases for Availabilty AR1 Penaties
-1  -1  -1  
# Efficiency Section
# Number of Covariates for Each Index
1  1  1  
# Efficiency Covariate Matrix
1               1               1               
1               1               1               
1               1               1               
1               1               1               
1               1               1               
1               1               1               
1               1               1               
1               1               1               
1               1               1               
1               1               1               
1               1               1               
1               1               1               
1               1               1               
1               1               1               
1               1               1               
1               1               1               
1               1               1               
1               1               1               
1               1               1               
1               1               1               
1               1               1               
1               1               1               
1               1               1               
1               1               1               
1               1               1               
1               1               1               
1               1               1               
1               1               1               
1               1               1               
1               1               1               
1               1               1               
# Efficiency Initial Estimate
-1.386294  1000  1000  
# Phase for Estimating Efficiency
-1  -1  -1  
# Estimated Efficiency Penalty
1  1  1  
# CV for Efficiency Penalty
0.1  0.1  0.1  
# Efficiency Penalty Type
0  0  0  
# Lower Bounds Efficiency
0.0  0.0  0.0  
# Upper Bounds Efficiency
1.0  1.0  1.0  
# Lambda for Efficiency Penalty
0.0  0.0  0.0  
# Stock at Age in First Year Penalty Type
1
# Initial Stock at Age in First Year
1e10  1e9  1e8  1e7  1e6  
# Initial Values F-Mult by Fleet
0.1  
# Stock Recruitment Scalar Flag
1
# Initial Value Stock Recruitment Scalar
0.5e10
# Initial Value Stock Recruitment Steepness
1
# Phase Control
# Phase for F-Mult in First Year
1  
# Phase for F-Mult Deviations
2  
# Phase for Recruitment Deviations
2
# Phase for Stock in 1st Year Deviations
1
# Phase for Stock Recruitment Scalar Penalty
1
# Phase for Stock Recruitment Steepness Penalty
-1
# Lambdas
# Lambdas for Catch
1  
# Lambdas for Discards
0  
# Lambdas for Indices
1  1  1  
# Lambdas for F-Mult in 1st Year
0  
# Lambdas for F-Mult Devs
0  
# Lambda for N in 1st Year
0
# Lambda for Recruitment Deviations
0
# Lambda for Recruitment Steepness
0
# Lambda for Recruitment Scalar
0
# CV's
# Recruitment CV
0.6
0.6
0.6
0.6
0.6
0.6
0.6
0.6
0.6
0.6
0.6
0.6
0.6
0.6
0.6
0.6
0.6
0.6
0.6
0.6
0.6
0.6
0.6
0.6
0.6
0.6
0.6
0.6
0.6
0.6
0.6
# CV for F-Mult in 1st Year
0.9  
# CV for F-Mult Devs
0.7  
# CV for N in 1st Year
0.9
# CV for Stock Recruitment Steepness
0.9
# Stock Recruitment Steepness Penalty Type
0
# CV for Stock Recruitment Scalar
0.9
# Selectivity Specification
# Number of Selectivity Blocks
4
# Selectivity Block Assignment by Year & Fleet
1  
1  
1  
1  
1  
1  
1  
1  
1  
1  
1  
1  
1  
1  
1  
1  
1  
1  
1  
1  
1  
1  
1  
1  
1  
1  
1  
1  
1  
1  
1  
# Selectivity Block Assignment by Year & Index
2  3  4  
2  3  4  
2  3  4  
2  3  4  
2  3  4  
2  3  4  
2  3  4  
2  3  4  
2  3  4  
2  3  4  
2  3  4  
2  3  4  
2  3  4  
2  3  4  
2  3  4  
2  3  4  
2  3  4  
2  3  4  
2  3  4  
2  3  4  
2  3  4  
2  3  4  
2  3  4  
2  3  4  
2  3  4  
2  3  4  
2  3  4  
2  3  4  
2  3  4  
2  3  4  
2  3  4  
# Selectivity Block Type 1=Selectivity by Age; 2= Single Logistic; 3=Double Logistic
1  1  1  1  
# Number of Selectivity Parameters
20
# Selectivity Block Initial Value
       1.000000        1.000000        1.000000        1.000000        1.000000 
       1.000000        0.580000        0.632000        0.632000        0.632000 
       1.000000        0.461000        0.657000        0.349000        0.349000 
       1.000000        1.000000        0.298000        0.298000        0.298000 
# Selectivity Block Phase
1  1  -1  -1  -1  
-1  1  1  -1  -1  
-1  1  1  1  -1  
-1  1  1  -1  -1  
# Selectivity Block Upper Bounds
       1.000000        1.000000        1.000000        1.000000        1.000000 
       1.000000        1.000000        1.000000        1.000000        1.000000 
       1.000000        1.000000        1.000000        1.000000        1.000000 
       1.000000        1.000000        1.000000        1.000000        1.000000 
# Selectivity Block Lower Bounds
       0.000000        0.000000        0.000000        0.000000        0.000000 
       0.000000        0.000000        0.000000        0.000000        0.000000 
       0.000000        0.000000        0.000000        0.000000        0.000000 
       0.000000        0.000000        0.000000        0.000000        0.000000 
# Selectivity Block Lambda
       0.000000        0.000000        0.000000        0.000000        0.000000 
       0.000000        0.000000        0.000000        0.000000        0.000000 
       0.000000        0.000000        0.000000        0.000000        0.000000 
       0.000000        0.000000        0.000000        0.000000        0.000000 
# Selectivity Block CV
       1.000000        1.000000        1.000000        1.000000        1.000000 
       1.000000        1.000000        1.000000        1.000000        1.000000 
       1.000000        1.000000        1.000000        1.000000        1.000000 
       1.000000        1.000000        1.000000        1.000000        1.000000 
# Selectivity Penalty Type
0  0  0  0  0  
0  0  0  0  0  
0  0  0  0  0  
0  0  0  0  0  
# Selectivity Parameter Pointers
    1      2      3      4      5  
    6      7      8      9     10  
   11     12     13     14     15  
   16     17     18     19     20  
# Age Range for Average F
3  5
# Average F Option Flag
1
# Maximum F
5
# Use Maximum F Penalty
1
# Use Decaying F to M Penalty
1
# Number of Points for %SPR Estimate
2
# %SPR Estimate Values
35  40  
# Number of SR Scalar Parameters
1
# SR Scalar Initial Estimates
22.3327  
# SR Scalar Covariates
1  
1  
1  
1  
1  
1  
1  
1  
1  
1  
1  
1  
1  
1  
1  
1  
1  
1  
1  
1  
1  
1  
1  
1  
1  
1  
1  
1  
1  
1  
1  
# Number of SR Steepness Parameters
1
# SR Steepness Initial Estimates
1000  
# SR Steepness Covariates
1  
1  
1  
1  
1  
1  
1  
1  
1  
1  
1  
1  
1  
1  
1  
1  
1  
1  
1  
1  
1  
1  
1  
1  
1  
1  
1  
1  
1  
1  
1  
# SR Ratio_0_Type
2
# Use SR Model
1
# Ignore Guesses
0
# Projection Control
# Do Projections (Yes=1)
0
# Fleet Directed Flag
1  
# Final Year in Projection
2020
# Projection Data by Year
2020     -1         3     -99        1          
# Do MCMC (Yes=1)
1
# MCMC Year Option
1
# MCMC Iterations
1000
# MCMC Thinning Factor
200
# MCMC Random Seed
1234
# Agepro R Option
1
# Agepro R Option Start Year
0
# Agepro R Option End Year
0
# Export R Flag
1
# Test Value
-23456
######
###### FINIS ######
# Fleet Names
#$FLEET-1
# Survey Names
#$nefsc-fall-offshore
#$nefsc-fall-inshore
#$neamap-fall
#
