# ASAP VERSION 3.0
# ASAP3_UPDATE_THROUGH_2016_AA
#
# ASAP GUI 15 AUG 2012
#
# Number of Years
31
# First Year
1989
# Number of Ages
5
# Number of Fleets
1
# Number of Sensitivity Blocks
1
# Number of Available Survey Indices
3
# Natural Mortality
1.2        1.2        1.2        1.2        1.2        
1.2        1.2        1.2        1.2        1.2        
1.2        1.2        1.2        1.2        1.2        
1.2        1.2        1.2        1.2        1.2        
1.2        1.2        1.2        1.2        1.2        
1.2        1.2        1.2        1.2        1.2        
1.2        1.2        1.2        1.2        1.2        
1.2        1.2        1.2        1.2        1.2        
1.2        1.2        1.2        1.2        1.2        
1.2        1.2        1.2        1.2        1.2        
1.2        1.2        1.2        1.2        1.2        
1.2        1.2        1.2        1.2        1.2        
1.2        1.2        1.2        1.2        1.2        
1.2        1.2        1.2        1.2        1.2        
1.2        1.2        1.2        1.2        1.2        
1.2        1.2        1.2        1.2        1.2        
1.2        1.2        1.2        1.2        1.2        
1.2        1.2        1.2        1.2        1.2        
1.2        1.2        1.2        1.2        1.2        
1.2        1.2        1.2        1.2        1.2        
1.2        1.2        1.2        1.2        1.2        
1.2        1.2        1.2        1.2        1.2        
1.2        1.2        1.2        1.2        1.2        
1.2        1.2        1.2        1.2        1.2        
1.2        1.2        1.2        1.2        1.2        
1.2        1.2        1.2        1.2        1.2        
1.2        1.2        1.2        1.2        1.2        
1.2        1.2        1.2        1.2        1.2        
1.2        1.2        1.2        1.2        1.2        
1.2        1.2        1.2        1.2        1.2        
1.2        1.2        1.2        1.2        1.2       
# Fecundity Option
0
# Fraction of year that elapses prior to SSB calculation (0=Jan-1)
0.5
# Maturity
0          0.52       0.93       0.96       1          
0          0.52       0.93       0.96       1          
0          0.52       0.93       0.96       1          
0          0.52       0.93       0.96       1          
0          0.52       0.93       0.96       1          
0          0.52       0.93       0.96       1          
0          0.52       0.93       0.96       1          
0          0.52       0.93       0.96       1          
0          0.52       0.93       0.96       1          
0          0.52       0.93       0.96       1          
0          0.52       0.93       0.96       1          
0          0.52       0.93       0.96       1          
0          0.52       0.93       0.96       1          
0          0.52       0.93       0.96       1          
0          0.52       0.93       0.96       1          
0          0.52       0.93       0.96       1          
0          0.52       0.93       0.96       1          
0          0.52       0.93       0.96       1          
0          0.52       0.93       0.96       1          
0          0.52       0.93       0.96       1          
0          0.52       0.93       0.96       1          
0          0.52       0.93       0.96       1          
0          0.52       0.93       0.96       1          
0          0.52       0.93       0.96       1          
0          0.52       0.93       0.96       1          
0          0.52       0.93       0.96       1          
0          0.52       0.93       0.96       1          
0          0.52       0.93       0.96       1          
0          0.52       0.93       0.96       1          
0          0.52       0.93       0.96       1          
0          0.52       0.93       0.96       1         
# Number of Weights at Age Matrices
2
# Weight Matrix 1
0.0300    0.0600    0.0700    0.1000    0.2200    
0.0400    0.0600    0.0900    0.1000    0.1300    
0.0300    0.0500    0.0900    0.1100    0.1600    
0.0300    0.0600    0.0800    0.1200    0.1400    
0.0400    0.0600    0.0800    0.1100    0.1900    
0.0400    0.0500    0.0800    0.1000    0.1800    
0.0200    0.0600    0.0800    0.1500    0.1900    
0.0400    0.0500    0.0800    0.0900    0.1100    
0.0300    0.0700    0.0900    0.1100    0.1700    
0.0400    0.0500    0.0700    0.1300    0.1700    
0.0300    0.0400    0.0700    0.1500    0.1900    
0.0200    0.0600    0.1000    0.1100    0.2100    
0.0300    0.0500    0.0800    0.1400    0.1800    
0.0200    0.0500    0.0700    0.1300    0.1000    
0.0400    0.0500    0.0800    0.1000    0.1300    
0.0400    0.0500    0.0800    0.1100    0.1700    
0.0400    0.0400    0.0600    0.1000    0.1200    
0.0400    0.0500    0.0800    0.1000    0.1700    
0.0500    0.0600    0.0800    0.1200    0.1500    
0.0300    0.0500    0.0700    0.1100    0.1100    
0.0400    0.0400    0.0700    0.1100    0.1000    
0.0400    0.0600    0.0800    0.1000    0.1100    
0.0300    0.0400    0.0700    0.0900    0.1100    
0.0400    0.0500    0.0800    0.1000    0.1200    
0.0400    0.0500    0.0700    0.0800    0.1100    
0.0400    0.0700    0.0900    0.1100    0.1200    
0.0500    0.0600    0.0800    0.1100    0.1500    
0.0400    0.0500    0.0800    0.0900    0.1200    
0.0400    0.0600    0.0700    0.0900    0.1100    
0.0300    0.0500    0.0900    0.1000    0.1300    
0.0300    0.0600    0.0900    0.1000    0.1300    
# Weight Matrix 2
0.0000    0.0500    0.0600    0.0800    0.2200    
0.0000    0.0400    0.0700    0.0800    0.1300    
0.0000    0.0400    0.0700    0.1000    0.1600    
0.0000    0.0400    0.0600    0.1000    0.1400    
0.0000    0.0400    0.0700    0.0900    0.1900    
0.0000    0.0400    0.0700    0.0900    0.1800    
0.0000    0.0500    0.0600    0.1100    0.1900    
0.0000    0.0300    0.0700    0.0800    0.1100    
0.0000    0.0500    0.0700    0.0900    0.1700    
0.0000    0.0400    0.0700    0.1100    0.1700    
0.0000    0.0400    0.0600    0.1000    0.1900    
0.0000    0.0400    0.0600    0.0900    0.2100    
0.0000    0.0300    0.0700    0.1200    0.1800    
0.0000    0.0400    0.0600    0.1000    0.1000    
0.0000    0.0300    0.0600    0.0800    0.1300    
0.0000    0.0400    0.0600    0.0900    0.1700    
0.0000    0.0400    0.0500    0.0900    0.1200    
0.0000    0.0400    0.0600    0.0800    0.1700    
0.0000    0.0500    0.0600    0.1000    0.1500    
0.0000    0.0500    0.0600    0.0900    0.1100    
0.0000    0.0300    0.0600    0.0900    0.1000    
0.0000    0.0500    0.0600    0.0800    0.1100    
0.0000    0.0400    0.0600    0.0800    0.1100    
0.0000    0.0400    0.0600    0.0800    0.1200    
0.0000    0.0400    0.0600    0.0800    0.1100    
0.0000    0.0500    0.0700    0.0900    0.1200    
0.0000    0.0500    0.0700    0.1000    0.1500    
0.0000    0.0500    0.0700    0.0800    0.1200    
0.0000    0.0500    0.0600    0.0800    0.1100    
0.0000    0.0400    0.0700    0.0800    0.1300    
0.0000    0.0400    0.0700    0.0900    0.1300             
# Weights at Age Pointers
1
1
1
1
1
2
# Selectivity Block Assignment
# Fleet 1 Selectivity Block Assignment
1  
1  
1  
1  
1  
1  
1  
1  
1  
1  
1  
1  
1  
1  
1  
1  
1  
1  
1  
1  
1  
1  
1  
1  
1  
1  
1  
1  
1  
1  
1  
# Selectivity Options for each block 1=by age, 2=logisitic, 3=double logistic
1  
# Selectivity Block #1 Data 
1               1               0               1               
1               1               0               1               
1               -1              0               1               
1               -1              0               1               
1               -1              0               1               
0               0               0               0               
0               0               0               0               
0               0               0               0               
0               0               0               0               
0               0               0               0               
0               0               0               0               
# Fleet Start Age
1  
# Fleet End Age
5  
# Age Range for Average F
3  5
# Average F report option (1=unweighted, 2=Nweighted, 3=Bweighted)
1
# Use Likelihood constants? (1=yes)
0
# Release Mortality by Fleet
1  
# Catch Data
# Fleet-1 Catch Data
         0.060         0.330         0.420         0.190         0.010      3890.000
         0.080         0.410         0.390         0.100         0.010      2831.000
         0.120         0.400         0.320         0.160         0.010      3247.000
         0.100         0.330         0.470         0.090         0.010      4924.000
         0.100         0.420         0.310         0.170         0.000      7366.000
         0.120         0.310         0.340         0.180         0.050      6309.000
         0.090         0.260         0.460         0.200         0.000      2947.000
         0.080         0.180         0.500         0.230         0.020      4486.000
         0.050         0.540         0.330         0.070         0.010      3288.000
         0.080         0.380         0.460         0.080         0.000      4261.000
         0.160         0.410         0.290         0.140         0.000      8339.000
         0.180         0.370         0.310         0.070         0.070      3558.000
         0.110         0.170         0.630         0.100         0.000      6537.000
         0.160         0.380         0.300         0.160         0.010      3009.000
         0.240         0.240         0.190         0.250         0.070      2450.000
         0.100         0.410         0.280         0.130         0.070      1618.000
         0.090         0.240         0.320         0.240         0.120      1022.000
         0.220         0.390         0.220         0.110         0.060      1239.000
         0.040         0.340         0.420         0.190         0.020       846.000
         0.180         0.350         0.360         0.090         0.020      1248.000
         0.180         0.360         0.290         0.140         0.030      1114.000
         0.140         0.360         0.300         0.180         0.020      1159.000
         0.190         0.320         0.270         0.130         0.090      2151.000
         0.090         0.470         0.250         0.140         0.050      1634.000
         0.230         0.440         0.240         0.080         0.020      1525.000
         0.120         0.370         0.300         0.180         0.030      4182.000
         0.100         0.310         0.450         0.120         0.020      2930.000
         0.100         0.480         0.300         0.110         0.000      2714.000
         0.050         0.240         0.480         0.210         0.030      4621.000
         0.110         0.350         0.330         0.190         0.020      3053.000
         0.030         0.320         0.430         0.190         0.030      5082.000  
# Discards
# Fleet-1 Discards Data
         0.000         0.000         0.000         0.000         0.000         0.000
         0.000         0.000         0.000         0.000         0.000         0.000
         0.000         0.000         0.000         0.000         0.000         0.000
         0.000         0.000         0.000         0.000         0.000         0.000
         0.000         0.000         0.000         0.000         0.000         0.000
         0.000         0.000         0.000         0.000         0.000         0.000
         0.000         0.000         0.000         0.000         0.000         0.000
         0.000         0.000         0.000         0.000         0.000         0.000
         0.000         0.000         0.000         0.000         0.000         0.000
         0.000         0.000         0.000         0.000         0.000         0.000
         0.000         0.000         0.000         0.000         0.000         0.000
         0.000         0.000         0.000         0.000         0.000         0.000
         0.000         0.000         0.000         0.000         0.000         0.000
         0.000         0.000         0.000         0.000         0.000         0.000
         0.000         0.000         0.000         0.000         0.000         0.000
         0.000         0.000         0.000         0.000         0.000         0.000
         0.000         0.000         0.000         0.000         0.000         0.000
         0.000         0.000         0.000         0.000         0.000         0.000
         0.000         0.000         0.000         0.000         0.000         0.000
         0.000         0.000         0.000         0.000         0.000         0.000
         0.000         0.000         0.000         0.000         0.000         0.000
         0.000         0.000         0.000         0.000         0.000         0.000
         0.000         0.000         0.000         0.000         0.000         0.000
         0.000         0.000         0.000         0.000         0.000         0.000
         0.000         0.000         0.000         0.000         0.000         0.000
         0.000         0.000         0.000         0.000         0.000         0.000
         0.000         0.000         0.000         0.000         0.000         0.000
         0.000         0.000         0.000         0.000         0.000         0.000
         0.000         0.000         0.000         0.000         0.000         0.000
         0.000         0.000         0.000         0.000         0.000         0.000
         0.000         0.000         0.000         0.000         0.000         0.000        
# Release Proportion
# Fleet-1 Release Data
      0.000000      0.000000      0.000000      0.000000      0.000000
      0.000000      0.000000      0.000000      0.000000      0.000000
      0.000000      0.000000      0.000000      0.000000      0.000000
      0.000000      0.000000      0.000000      0.000000      0.000000
      0.000000      0.000000      0.000000      0.000000      0.000000
      0.000000      0.000000      0.000000      0.000000      0.000000
      0.000000      0.000000      0.000000      0.000000      0.000000
      0.000000      0.000000      0.000000      0.000000      0.000000
      0.000000      0.000000      0.000000      0.000000      0.000000
      0.000000      0.000000      0.000000      0.000000      0.000000
      0.000000      0.000000      0.000000      0.000000      0.000000
      0.000000      0.000000      0.000000      0.000000      0.000000
      0.000000      0.000000      0.000000      0.000000      0.000000
      0.000000      0.000000      0.000000      0.000000      0.000000
      0.000000      0.000000      0.000000      0.000000      0.000000
      0.000000      0.000000      0.000000      0.000000      0.000000
      0.000000      0.000000      0.000000      0.000000      0.000000
      0.000000      0.000000      0.000000      0.000000      0.000000
      0.000000      0.000000      0.000000      0.000000      0.000000
      0.000000      0.000000      0.000000      0.000000      0.000000
      0.000000      0.000000      0.000000      0.000000      0.000000
      0.000000      0.000000      0.000000      0.000000      0.000000
      0.000000      0.000000      0.000000      0.000000      0.000000
      0.000000      0.000000      0.000000      0.000000      0.000000
      0.000000      0.000000      0.000000      0.000000      0.000000
      0.000000      0.000000      0.000000      0.000000      0.000000
      0.000000      0.000000      0.000000      0.000000      0.000000
      0.000000      0.000000      0.000000      0.000000      0.000000
      0.000000      0.000000      0.000000      0.000000      0.000000
      0.000000      0.000000      0.000000      0.000000      0.000000
      0.000000      0.000000      0.000000      0.000000      0.000000          
# Survey Index Data
# Aggregate Index Units
2  2  2  
# Age Proportion Index Units
2  2  2  
# Weight at Age Matrix
1  1  1  
# Index Month
10  10  9  
# Index Selectivity Link to Fleet
-1  -1  -1  
# Index Selectivity Options 1=by age, 2=logisitic, 3=double logistic
1  1  1  
# Index Start Age
1  1  1  
# Index End Age
5  5  5  
# Estimate Proportion (Yes=1)
1  1  1  
# Use Index (Yes=1)
1  1  1  
# Index-1 Selectivity Data 
1               -1              0               1               
0.58            1               0               1               
0.632           1               0               1               
0.632           -1              0               1               
0.632           -1              0               1               
0               0               0               0               
0               0               0               0               
0               0               0               0               
0               0               0               0               
0               0               0               0               
0               0               0               0               
# Index-2 Selectivity Data 
1               -1              0               1               
0.461           1               0               1               
0.657           1               0               1               
0.349           1               0               1               
0.349           -1              0               1               
0               0               0               0               
0               0               0               0               
0               0               0               0               
0               0               0               0               
0               0               0               0               
0               0               0               0               
# Index-3 Selectivity Data 
1               -1              0               1               
1               1               0               1               
0.298           1               0               1               
0.298           -1              0               1               
0.298           -1              0               1               
0               0               0               0               
0               0               0               0               
0               0               0               0               
0               0               0               0               
0               0               0               0               
0               0               0               0               
# INDEX-1
1989   1448016.000000       0.850000     326.130000      39.430000      11.450000       0.620000       0.000000      19.000000
1990   1457923.000000       0.500000     343.710000      32.550000       3.150000       0.820000       0.000000      19.000000
1991    722865.000000       0.900000     167.910000      18.380000       2.210000       0.020000       0.000000      19.000000
1992    949883.000000       0.590000     234.310000       9.940000       3.430000       0.050000       0.000000      19.000000
1993    955347.000000       0.550000     196.080000      46.590000       6.070000       0.420000       0.000000      19.000000
1994   1958392.000000       0.900000     476.130000      23.870000       9.380000       1.330000       0.030000      19.000000
1995    449266.000000       0.570000      42.010000      48.170000      26.920000       0.070000       0.000000      19.000000
1996    304465.000000       0.480000      59.950000      15.010000       4.210000       0.240000       0.000000      19.000000
1997    847271.000000       0.290000     204.820000      13.820000       2.140000       0.190000       0.000000      19.000000
1998    824773.000000       0.730000     165.590000      41.990000       6.840000       0.690000       0.000000      19.000000
1999    952018.000000       0.840000     241.630000       4.930000       1.730000       0.000000       0.000000      19.000000
2000    781971.000000       0.610000     152.060000      45.860000       5.730000       0.290000       0.000000      19.000000
2001    244225.000000       0.690000      38.610000      15.200000       9.660000       0.220000       0.000000      19.000000
2002    355108.000000       0.480000      80.450000       9.270000       2.840000       0.050000       0.000000      19.000000
2003    720780.000000       0.340000     175.690000      10.360000       1.700000       0.110000       0.120000      19.000000
2004    289500.000000       0.650000      57.310000      12.750000       4.810000       0.220000       0.410000      19.000000
2005    150261.000000       0.670000      33.920000       3.170000       1.520000       0.580000       0.000000      19.000000
2006    687532.000000       0.540000     155.830000      17.500000       5.170000       0.740000       0.060000      19.000000
2007    158014.000000       0.520000      26.030000      13.650000       1.510000       0.020000       0.000000      19.000000
2008    505868.000000       0.510000     124.810000       6.170000       0.940000       0.020000       0.000000      19.000000
2009    713537.000000       0.550000     161.200000      20.670000       4.030000       0.190000       0.010000      19.000000
2010    486748.000000       0.530000      83.630000      35.350000       6.740000       1.230000       0.000000      19.000000
2011    984184.000000       0.630000     223.020000      27.950000       5.180000       0.460000       0.070000      19.000000
2012    257002.000000       0.690000      27.560000      28.850000       9.920000       0.620000       0.070000      19.000000
2013    245111.000000       0.490000      57.070000       5.280000       1.390000       0.170000       0.010000      19.000000
2014    371108.000000       0.440000      75.710000      17.540000       2.950000       0.590000       0.000000      19.000000
2015   1115447.000000       0.730000     247.070000      35.610000       7.880000       0.310000       0.020000      19.000000
2016    438404.000000       0.830000      76.180000      28.540000       7.870000       1.600000       0.150000      19.000000
2017      -999.000000    -999.000000    -999.000000    -999.000000    -999.000000    -999.000000    -999.000000       0.000000
2018   1604246.000000       0.700000     404.570000      10.250000       3.020000       0.530000       0.020000      19.000000
2019    201421.000000       0.410000      27.710000      21.140000       3.170000       0.490000       0.010000      19.000000
# INDEX-2
1989    187112.000000       0.900000     397.460000     144.450000      49.620000       3.650000       0.000000      14.000000
1990     20205.000000       0.640000      38.570000      11.550000       7.270000       6.870000       0.020000      14.000000
1991     54603.000000       0.490000     116.360000      28.600000      21.610000       7.120000       0.000000      14.000000
1992     34124.000000       0.240000      90.440000       7.400000      10.280000       0.400000       0.020000      14.000000
1993     92063.000000       0.510000     251.300000      28.500000      11.630000       1.410000       0.010000      14.000000
1994     95491.000000       0.230000     292.420000       7.040000       3.430000       0.850000       0.010000      14.000000
1995     12444.000000       0.710000      24.180000       7.990000       7.200000       0.220000       0.000000      14.000000
1996     49607.000000       0.640000     130.900000      23.740000       2.770000       0.390000       0.000000      14.000000
1997    199268.000000       0.200000     590.440000      41.980000       1.440000       0.000000       0.000000      14.000000
1998     35548.000000       0.730000      67.720000      38.070000       6.800000       0.480000       0.000000      14.000000
1999     58358.000000       0.600000     145.770000      30.640000       8.880000       0.340000       0.000000      14.000000
2000     99273.000000       0.550000     308.100000       6.440000       0.000000       0.680000       0.560000      14.000000
2001    115849.000000       0.490000     345.760000      19.840000       2.680000       0.230000       0.000000      14.000000
2002     70900.000000       0.680000     185.270000      30.250000       9.120000       0.880000       0.000000      14.000000
2003     83986.000000       0.380000     220.990000      39.480000       3.010000       2.900000       0.770000      14.000000
2004     99699.000000       0.590000     184.480000      65.980000      58.960000       4.550000       3.160000      14.000000
2005     71842.000000       0.140000     210.890000      10.620000       3.600000       3.250000       0.160000      14.000000
2006     63517.000000       0.460000     176.140000      19.400000       4.810000       1.450000       0.230000      14.000000
2007     69462.000000       0.280000     194.590000      20.580000       5.700000       0.080000       0.000000      14.000000
2008     41393.000000       0.290000     119.820000       9.770000       1.820000       0.250000       0.000000      14.000000
2009         0.000000       0.000000       0.000000       0.000000       0.000000       0.000000       0.000000       0.000000
2010         0.000000       0.000000       0.000000       0.000000       0.000000       0.000000       0.000000       0.000000
2011         0.000000       0.000000       0.000000       0.000000       0.000000       0.000000       0.000000       0.000000
2012         0.000000       0.000000       0.000000       0.000000       0.000000       0.000000       0.000000       0.000000
2013         0.000000       0.000000       0.000000       0.000000       0.000000       0.000000       0.000000       0.000000
2014         0.000000       0.000000       0.000000       0.000000       0.000000       0.000000       0.000000       0.000000
2015         0.000000       0.000000       0.000000       0.000000       0.000000       0.000000       0.000000       0.000000
2016         0.000000       0.000000       0.000000       0.000000       0.000000       0.000000       0.000000       0.000000
2017         0.000000       0.000000       0.000000       0.000000       0.000000       0.000000       0.000000       0.000000
2018         0.000000       0.000000       0.000000       0.000000       0.000000       0.000000       0.000000       0.000000
2019         0.000000       0.000000       0.000000       0.000000       0.000000       0.000000       0.000000       0.000000
# INDEX-3
1989        -1.000000       0.000000      -1.000000      -1.000000      -1.000000      -1.000000      -1.000000       0.000000
1990        -1.000000       0.000000      -1.000000      -1.000000      -1.000000      -1.000000      -1.000000       0.000000
1991        -1.000000       0.000000      -1.000000      -1.000000      -1.000000      -1.000000      -1.000000       0.000000
1992        -1.000000       0.000000      -1.000000      -1.000000      -1.000000      -1.000000      -1.000000       0.000000
1993        -1.000000       0.000000      -1.000000      -1.000000      -1.000000      -1.000000      -1.000000       0.000000
1994        -1.000000       0.000000      -1.000000      -1.000000      -1.000000      -1.000000      -1.000000       0.000000
1995        -1.000000       0.000000      -1.000000      -1.000000      -1.000000      -1.000000      -1.000000       0.000000
1996        -1.000000       0.000000      -1.000000      -1.000000      -1.000000      -1.000000      -1.000000       0.000000
1997        -1.000000       0.000000      -1.000000      -1.000000      -1.000000      -1.000000      -1.000000       0.000000
1998        -1.000000       0.000000      -1.000000      -1.000000      -1.000000      -1.000000      -1.000000       0.000000
1999        -1.000000       0.000000      -1.000000      -1.000000      -1.000000      -1.000000      -1.000000       0.000000
2000        -1.000000       0.000000      -1.000000      -1.000000      -1.000000      -1.000000      -1.000000       0.000000
2001        -1.000000       0.000000      -1.000000      -1.000000      -1.000000      -1.000000      -1.000000       0.000000
2002        -1.000000       0.000000      -1.000000      -1.000000      -1.000000      -1.000000      -1.000000       0.000000
2003        -1.000000       0.000000      -1.000000      -1.000000      -1.000000      -1.000000      -1.000000       0.000000
2004        -1.000000       0.000000      -1.000000      -1.000000      -1.000000      -1.000000      -1.000000       0.000000
2005        -1.000000       0.000000      -1.000000      -1.000000      -1.000000      -1.000000      -1.000000       0.000000
2006        -1.000000       0.000000      -1.000000      -1.000000      -1.000000      -1.000000      -1.000000       0.000000
2007    481478.000000       0.720000     877.900000     155.090000      16.160000       3.110000       0.270000      41.000000
2008    488191.000000       0.340000     772.460000     215.430000      35.950000       4.340000       0.710000      41.000000
2009   1707043.000000       0.280000    2436.990000    1079.230000      62.540000      16.750000       2.200000      41.000000
2010    508419.000000       0.240000     376.310000     502.340000     158.310000      31.820000       2.750000      41.000000
2011    781764.000000       0.320000    1290.290000     307.090000      37.220000      10.990000       2.020000      41.000000
2012    296689.000000       0.420000     398.920000     172.780000      50.530000       3.050000       0.000000      41.000000
2013   1683000.000000       0.860000    3166.860000     353.760000      22.470000       3.950000       0.000000      41.000000
2014   1788707.000000       0.540000    3698.850000      65.930000       4.540000       0.500000       0.000000      41.000000
2015    527045.000000       0.440000     177.380000     895.620000      35.620000       2.170000       0.000000      41.000000
2016    198265.000000       0.380000     259.050000     158.230000       0.580000       0.000000       0.000000      41.000000
2017    473217.000000       0.660000     643.300000     344.410000       9.620000       0.000000       0.000000      41.000000
2018    406605.000000       0.460000     729.120000     127.670000       0.150000       0.000000       0.000000      41.000000
2019    189732.000000       0.740000     327.500000      22.920000       1.590000       0.000000       0.000000      41.000000          
# Phase Control
# Phase for F mult in 1st Year
1
# Phase for F mult Deviations
2
# Phase for Recruitment Deviations
2
# Phase for N in 1st Year
1
# Phase for Catchability in 1st Year
3
# Phase for Catchability Deviations
-1
# Phase for Stock Recruitment Relationship
1
# Phase for Steepness
-1
# Recruitment CV by Year
0.6
0.6
0.6
0.6
0.6
0.6
0.6
0.6
0.6
0.6
0.6
0.6
0.6
0.6
0.6
0.6
0.6
0.6
0.6
0.6
0.6
0.6
0.6
0.6
0.6
0.6
0.6
0.6
0.6
0.6
0.6
# Lambdas by Index
1  1  1  
# Lambda for Total Catch in Weight by Fleet
1  
# Lambda for Total Discards at Age by Fleet
0  
# Catch Total CV by Year and Fleet
      0.058000
      0.069000
      0.087000
      0.116000
      0.143000
      0.313000
      0.291000
      0.165000
      0.181000
      0.674000
      0.273000
      0.303000
      0.160000
      0.528000
      1.122000
      0.211000
      0.129000
      0.468000
      0.135000
      0.408000
      0.220000
      0.101000
      0.109000
      0.222000
      0.056000
      0.050000
      0.053000
      0.097000
      0.032000
      0.064000
      0.052000      
# Discard Total CV by Year and Fleet
      0.000000
      0.000000
      0.000000
      0.000000
      0.000000
      0.000000
      0.000000
      0.000000
      0.000000
      0.000000
      0.000000
      0.000000
      0.000000
      0.000000
      0.000000
      0.000000
      0.000000
      0.000000
      0.000000
      0.000000
      0.000000
      0.000000
      0.000000
      0.000000
      0.000000
      0.000000
      0.000000
      0.000000
      0.000000
      0.000000
      0.000000         
# Catch Effective Sample Size by Year and Fleet
        27
        27
        27
        27
        27
        27
        27
        27
        27
        27
        27
        27
        27
        27
        27
        27
        27
        27
        27
        27
        27
        27
        27
        27
        27
        27
        27
        27
        27
        27
        27      
# Discard Effective Sample Size by Year and Fleet
         0
         0
         0
         0
         0
         0
         0
         0
         0
         0
         0
         0
         0
         0
         0
         0
         0
         0
         0
         0
         0
         0
         0
         0
         0
         0
         0
         0
         0
         0
         0         
# Lambda for F Mult in First year by Fleet
0  
# CV for F Mult in First year by Fleet
0.9  
# Lambda for F Mult Deviations by Fleet
0  
# CV for F Mult Deviations by Fleet
0.7  
# Lambda for N in 1st Year Deviations
0
# CV for N in 1st Year Deviations
0.9
# Lambda for Recruitment Deviations
0
# Lambda for Catchability in First year by Index
1  0  0  
# CV for Catchability in First year by Index
0.01  0.9  0.9  
# Lambda for Catchability Deviations by Index
0  0  0  
# CV for Catchability Deviations by Index
0.9  0.9  0.9  
# Lambda for Deviation from Initial Steepness
0
# CV for Deviation from Initial Steepness
0.9
# Lambda for Deviation from Unexploited Stock Size
0
# CV for Deviation from Unexploited Stock Size
0.9
# NAA Deviations Flag
1
# Initial Numbers at Age in 1st Year
1e10  1e9  1e8  1e7  1e6  
# Initial F Mult in 1st Year by Fleet
0.0425413  
# Initial Catchabilty by Index
0.123764  0.0158975  0.17078  
# Stock Recruitment Flag
1
# Initial Unexploited Stock
0.5e10
# Initial Steepness
1
# Maximum F
5
# Ignore Guesses (Yes=1)
0
# Projection Control
# Do Projections (Yes=1)
0
# Fleet Directed Flag
1  
# Final Year in Projection
2020
# Projection Data by Year
2020     -1         3     -99        1        
# Do MCMC (Yes=1)
1
# MCMC Year Option
1
# MCMC Iterations
1000
# MCMC Thinning Factor
200
# MCMC Random Seed
1234
# Agepro R Option
1
# Agepro R Option Start Year
0
# Agepro R Option End Year
0
# Export R Flag
1
# Test Value
-23456
######
###### FINIS ######
# Fleet Names
#$FLEET-1
# Survey Names
#$nefsc-fall-offshore
#$nefsc-fall-inshore
#$neamap-fall
#
